data = [[121.4865595,25.0621015],[121.4866264,25.0620912],[121.4866045,25.0620764],[121.4865954,25.0620842],[121.4866056,25.0620653]]
data2 = [[121.4865595,25.0621015],[121.4866264,25.0620912],[121.4866045,25.0620764],[121.4865954,25.0620842],[121.4866056,25.0620653]]